Решение системы:
x1 = 0.000000
x2 = 1.998046
